0  20   7798.0  30  24000  30  39717.0
0  20  16346.0  30  24000  30  40940.0
0  20  28078.0  30  24000  30  46005.0
0  20  57428.0  30  24000  30  18513.0
0  20  60036.0  30  24000  30  45436.0
0  20  24741.0  30  24000  30   5871.0
0  20  43323.0  30  24000  30  16253.0
0  20  33183.0  30  24000  30  13925.0
0  20  60473.0  30  24000  30   9698.0
0  20   9101.0  30  24000  30  58122.0
0  20  56312.0  30  24000  30  62863.0
0  20  49884.0  30  24000  30  34063.0
0  20  15385.0  30  24000  30  30423.0
0  20  58051.0  30  24000  30  38779.0
0  20   5072.0  30  24000  30  21491.0
0  20  25715.0  30  24000  30  55098.0
0  20   1643.0  30  24000  30  10801.0
0  20  29098.0  30  24000  30  23317.0
0  20  29098.0  30  24000  30  23317.0
0  20  53429.0  30  24000  30   4325.0
0  20  59320.0  30  24000  30  34141.0
0  20  34559.0  30  24000  30  55284.0
0  20  21909.0  30  24000  30  24053.0
0  20  27475.0  30  24000  30  63171.0
0  20  15108.0  30  24000  30  31880.0
0  20  43223.0  30  24000  30  13150.0
0  20  62839.0  30  24000  30  52776.0
0  20  10495.0  30  24000  30  17286.0
0  20  56711.0  30  24000  30   8916.0
0  20   1515.0  30  24000  30  19091.0
0  20  54028.0  30  24000  30  43882.0
0  20  36232.0  30  24000  30    772.0
0  20   6092.0  30  24000  30  41922.0
0  20  12081.0  30  24000  30  57810.0
0  20  41710.0  30  24000  30  50391.0
0  20  49407.0  30  24000  30  28138.0
0  20   8948.0  30  24000  30   2201.0
0  20  38195.0  30  24000  30  20036.0
0  20  22983.0  30  24000  30  36188.0
0  20  30946.0  30  24000  30  47366.0
0  20   2346.0  30  24000  30  32142.0
0  20  32867.0  30  24000  30  58637.0
0  20  44797.0  30  24000  30  49689.0
0  20  19231.0  30  24000  30  14046.0
0  20  25270.0  30  24000  30  61628.0
0  20  50090.0  30  24000  30  44563.0
0  20  46749.0  30  24000  30  10236.0
0  20  17251.0  30  24000  30   7393.0
0  20   5006.0  30  24000  30  27257.0
0  20  61712.0  30  24000  30  39754.0
0  20  53443.0  30  24000  30  15692.0
0  20  43800.0  30  24000  30  12283.0
0  20  16086.0  30  24000  30  38430.0
0  20  26959.0  30  24000  30  32247.0
0  20  42082.0  30  24000  30  57698.0
0  20   2081.0  30  24000  30   2220.0
0  20  48034.0  30  24000  30   6091.0
0  20   2822.0  30  24000  30  35634.0
0  20  14496.0  30  24000  30  28744.0
0  20  62444.0  30  24000  30    208.0
0  20  28669.0  30  24000  30  43715.0
0  20  57767.0  30  24000  30  45810.0
0  20  29920.0  30  24000  30  51569.0
0  20  25520.0  30  24000  30  62792.0
0  20  18850.0  30  24000  30  60583.0
0  20  35618.0  30  24000  30  26913.0
0  20  45672.0  30  24000  30  50421.0
0  20  55836.0  30  24000  30  17163.0
0  20  60067.0  30  24000  30   9332.0
0  20   9067.0  30  24000  30   7735.0
0  20  33171.0  30  24000  30  22406.0
0  20  37791.0  30  24000  30  14627.0
0  20  39808.0  30  24000  30  54738.0
0  20  21930.0  30  24000  30  30214.0
0  20   6303.0  30  24000  30  55617.0
0  20  50640.0  30  24000  30  20570.0
0  20  52382.0  30  24000  30  40589.0
0  20  11971.0  30  24000  30  24716.0
0  20   7295.0  30  24000  30  38272.0
0  20  19728.0  30  24000  30  48161.0
0  20  50054.0  30  24000  30  14904.0
0  20   9869.0  30  24000  30  46618.0
0  20  61317.0  30  24000  30    299.0
0  20  34875.0  30  24000  30  23576.0
0  20  46740.0  30  24000  30   7248.0
0  20  35229.0  30  24000  30  19980.0
0  20  51524.0  30  24000  30  12713.0
0  20  43723.0  30  24000  30  39657.0
0  20     16.0  30  24000  30  28454.0
0  20  38914.0  30  24000  30  50019.0
0  20  59355.0  30  24000  30  44143.0
0  20  15014.0  30  24000  30  56008.0
0  20  30886.0  30  24000  30  33846.0
0  20   7117.0  30  24000  30  59176.0
0  20  56678.0  30  24000  30  35824.0
0  20  19959.0  30  24000  30   5511.0
0  20   4241.0  30  24000  30  61698.0
0  20  27988.0  30  24000  30  16077.0
0  20  24478.0  30  24000  30  53265.0
0  20  18717.0  30  24000  30  29366.0