0  20  53443.0  30  50000  30  15692.0
0  20  43800.0  30  50000  30  12283.0
0  20  16086.0  30  50000  30  38430.0
0  20  26959.0  30  50000  30  32247.0
0  20  42082.0  30  50000  30  57698.0
0  20   2081.0  30  50000  30   2220.0
0  20  48034.0  30  50000  30   6091.0
0  20   2822.0  30  50000  30  35634.0
0  20  14496.0  30  50000  30  28744.0
0  20  62444.0  30  50000  30    208.0
0  20  28669.0  30  50000  30  43715.0
0  20  57767.0  30  50000  30  45810.0
0  20  29920.0  30  50000  30  51569.0
0  20  25520.0  30  50000  30  62792.0
0  20  18850.0  30  50000  30  60583.0
0  20  35618.0  30  50000  30  26913.0
0  20  45672.0  30  50000  30  50421.0
0  20  55836.0  30  50000  30  17163.0
0  20  60067.0  30  50000  30   9332.0
0  20   9067.0  30  50000  30   7735.0
0  20  33171.0  30  50000  30  22406.0
0  20  37791.0  30  50000  30  14627.0
0  20  39808.0  30  50000  30  54738.0
0  20  21930.0  30  50000  30  30214.0
0  20   6303.0  30  50000  30  55617.0
0  20  50640.0  30  50000  30  20570.0
0  20  52382.0  30  50000  30  40589.0
0  20  11971.0  30  50000  30  24716.0
0  20   7295.0  30  50000  30  38272.0
0  20  19728.0  30  50000  30  48161.0
0  20  50054.0  30  50000  30  14904.0
0  20   9869.0  30  50000  30  46618.0
0  20  61317.0  30  50000  30    299.0
0  20  34875.0  30  50000  30  23576.0
0  20  46740.0  30  50000  30   7248.0
0  20  35229.0  30  50000  30  19980.0
0  20  51524.0  30  50000  30  12713.0
0  20  43723.0  30  50000  30  39657.0
0  20     16.0  30  50000  30  28454.0
0  20  38914.0  30  50000  30  50019.0
0  20  59355.0  30  50000  30  44143.0
0  20  15014.0  30  50000  30  56008.0
0  20  30886.0  30  50000  30  33846.0
0  20   7117.0  30  50000  30  59176.0
0  20  56678.0  30  50000  30  35824.0
0  20  19959.0  30  50000  30   5511.0
0  20   4241.0  30  50000  30  61698.0
0  20  27988.0  30  50000  30  16077.0
0  20  24478.0  30  50000  30  53265.0
0  20  18717.0  30  50000  30  29366.0
0  20  49533.0  30  50000  30  48025.0
0  20   4526.0  30  50000  30  52290.0
0  20  61836.0  30  50000  30  26306.0
0  20   2321.0  30  50000  30  32718.0
0  20  21356.0  30  50000  30  11362.0
0  20  16848.0  30  50000  30  14596.0
0  20  48525.0  30  50000  30  48811.0
0  20  44572.0  30  50000  30  46116.0
0  20  30655.0  30  50000  30  12486.0
0  20  45728.0  30  50000  30  21273.0
0  20   7185.0  30  50000  30  27781.0
0  20  55575.0  30  50000  30  62992.0
0  20  12713.0  30  50000  30  12974.0
0  20  54868.0  30  50000  30  49938.0
0  20  19257.0  30  50000  30  22208.0
0  20  35873.0  30  50000  30  23795.0
0  20  28641.0  30  50000  30  61942.0
0  20  26637.0  30  50000  30  36399.0
0  20  34543.0  30  50000  30   1157.0
0  20  62912.0  30  50000  30  40125.0
0  20  43000.0  30  50000  30  45457.0
0  20  18407.0  30  50000  30  38123.0
0  20  10201.0  30  50000  30  18427.0
0  20  39477.0  30  50000  30  41756.0
0  20  11313.0  30  50000  30  17743.0
0  20  59479.0  30  50000  30  57535.0
0  20  37650.0  30  50000  30  53948.0
0  20  13149.0  30  50000  30  16546.0
0  20  52552.0  30  50000  30   9589.0
0  20  47186.0  30  50000  30   4170.0
0  20   8720.0  30  50000  30  58187.0
0  20  57599.0  30  50000  30  30694.0
0  20  51195.0  30  50000  30  28790.0
0  20  51910.0  30  50000  30  59300.0
0  20  40664.0  30  50000  30   3370.0
0  20  61369.0  30  50000  30  24627.0
0  20  25407.0  30  50000  30  33377.0
0  20  27196.0  30  50000  30  43684.0
0  20  58176.0  30  50000  30  34723.0
0  20  23205.0  30  50000  30   7874.0
0  20  31941.0  30  50000  30  38577.0
0  20  41735.0  30  50000  30  20020.0
0  20  32292.0  30  50000  30  30952.0
0  20   3419.0  30  50000  30   6842.0
0  20  16151.0  30  50000  30  43387.0
0  20    458.0  30  50000  30  60766.0
0  20  14225.0  30  50000  30   2134.0
0  20   5979.0  30  50000  30  52700.0
0  20  35225.0  30  50000  30   5366.0
0  20  22748.0  30  50000  30  55092.0
