0       20  63886    30  24000     30  63854  0.353992   0.8      1
1       20  63886    30  24000     30  63854  0.292398   0.2      0
2       20  63957    30  24000     30  63852  0.355050   0.7      1
3       20  63957    30  24000     30  63852  0.291165   0.3      0
4       20  63926    30  24000     30  63981  0.355427   0.9      1
5       20  63926    30  24000     30  63981  0.293954   0.1      0
6       20  63983    30  24000     30  63957  0.356099   0.7      1
7       20  63983    30  24000     30  63957  0.290540   0.3      0
8       20  63937    30  24000     30  63621  0.354226   0.6      1
9       20  63937    30  24000     30  63621  0.292412   0.4      0
10      20  63924    30  24000     30  63982  0.352109   0.8      1
11      20  63924    30  24000     30  63982  0.295288   0.2      0
12      20  63840    30  24000     30  63906  0.359876   0.5      1
13      20  63840    30  24000     30  63906  0.293663   0.5      0
14      20  63995    30  24000     30  63680  0.359674   0.6      1
15      20  63995    30  24000     30  63680  0.292238   0.4      0
16      20  63921    30  24000     30  63821  0.358655   0.8      1
17      20  63921    30  24000     30  63821  0.289884   0.2      0
18      20  63812    30  24000     30  63951  0.355794   0.9      1
19      20  63812    30  24000     30  63951  0.293769   0.1      0
20      20  63983    30  24000     30  63769  0.355627   0.5      1
21      20  63983    30  24000     30  63769  0.294239   0.5      0
22      20  63866    30  24000     30  63859  0.362460   0.6      1
23      20  63866    30  24000     30  63859  0.295453   0.4      0
24      20  63879    30  24000     30  63901  0.353860   0.9      1
25      20  63879    30  24000     30  63901  0.293702   0.1      0
26      20  63985    30  24000     30  63860  0.354602   0.7      1
27      20  63985    30  24000     30  63860  0.291780   0.3      0
28      20  63981    30  24000     30  63768  0.357428   0.9      1
29      20  63981    30  24000     30  63768  0.297403   0.1      0
30      20  63994    30  24000     30  63843  0.356650   0.8      1
31      20  63994    30  24000     30  63843  0.292831   0.2      0
32      20  63893    30  24000     30  63974  0.355033   0.8      1
33      20  63893    30  24000     30  63974  0.294328   0.2      0
34      20  63864    30  24000     30  63985  0.354785   0.4      1
35      20  63864    30  24000     30  63985  0.295515   0.6      0
36      20  63903    30  24000     30  63942  0.354962   0.8      1
37      20  63903    30  24000     30  63942  0.288172   0.2      0
38      20  63869    30  24000     30  63815  0.358490   0.7      1
39      20  63869    30  24000     30  63815  0.292199   0.3      0
40      20  63984    30  24000     30  63966  0.358315   0.7      1
41      20  63984    30  24000     30  63966  0.285090   0.3      0
42      20  63900    30  24000     30  63692  0.356323   0.7      1
43      20  63900    30  24000     30  63692  0.292858   0.3      0
44      20  63964    30  24000     30  63946  0.354443   0.8      1
45      20  63964    30  24000     30  63946  0.294465   0.2      0
46      20  63928    30  24000     30  63881  0.354403   0.6      1
47      20  63928    30  24000     30  63881  0.291404   0.4      0
48      20  63983    30  24000     30  63774  0.354511   0.6      1
49      20  63983    30  24000     30  63774  0.289505   0.4      0
50      20  63988    30  24000     30  63777  0.355822   0.8      1
51      20  63988    30  24000     30  63777  0.291598   0.2      0
52      20  63974    30  24000     30  63737  0.355591   0.7      1
53      20  63974    30  24000     30  63737  0.293635   0.3      0
54      20  63919    30  24000     30  63998  0.355025   0.7      1
55      20  63919    30  24000     30  63998  0.295835   0.3      0
56      20  63968    30  24000     30  63991  0.355458   0.6      1
57      20  63968    30  24000     30  63991  0.290806   0.4      0
58      20    121    30  24000     30  63993  0.672087   0.9      1
59      20    121    30  24000     30  63993  0.370163   0.1      0
60      20     94    30  24000     30  63975  0.702193   0.7      1
61      20     94    30  24000     30  63975  0.611300   0.3      0
62      20    129    30  24000     30  63839  0.712727   0.4      1
63      20    129    30  24000     30  63839  0.700432   0.6      0
64      20    180    30  24000     30  63867  0.699863   0.7      1
65      20    180    30  24000     30  63867  0.608526   0.3      0
66      20     30    30  24000     30  63990  0.703745   0.7      1
67      20     30    30  24000     30  63990  0.611014   0.3      0
68      20     98    30  24000     30  63993  0.703772   0.8      1
69      20     98    30  24000     30  63993  0.561275   0.2      0
70      20     13    30  24000     30  63955  0.705455   0.8      1
71      20     13    30  24000     30  63955  0.607589   0.2      0
72      20     79    30  24000     30  63999  0.707625   0.9      1
73      20     79    30  24000     30  63999  0.609433   0.1      0
74      20     93    30  24000     30  63761  0.697058   0.9      1
75      20     93    30  24000     30  63761  0.370163   0.1      0
76      20    225    30  24000     30  63994  0.707065   0.9      1
77      20    225    30  24000     30  63994  0.694478   0.1      0
78      20     23    30  24000     30  63962  0.707373   0.6      1
79      20     23    30  24000     30  63962  0.609410   0.4      0
80      20    187    30  24000     30  63951  0.696050   0.9      1
81      20    187    30  24000     30  63951  0.370163   0.1      0
82      20     25    30  24000     30  63847  0.665628   0.9      1
83      20     25    30  24000     30  63847  0.370163   0.1      0
84      20    186    30  24000     30  63999  0.704091   0.7      1
85      20    186    30  24000     30  63999  0.603541   0.3      0
86      20    219    30  24000     30  63959  0.710151   0.8      1
87      20    219    30  24000     30  63959  0.610303   0.2      0
88      20     78    30  24000     30  63942  0.708780   0.9      1
89      20     78    30  24000     30  63942  0.603833   0.1      0
90      20     37    30  24000     30  63885  0.703682   0.8      1
91      20     37    30  24000     30  63885  0.605516   0.2      0
92      20    830    30  24000     30  63974  0.712978   0.9      1
93      20    830    30  24000     30  63974  0.618269   0.1      0
94      20   4790    30  24000     30  63443  0.721753   0.5      1
95      20   4790    30  24000     30  63443  0.619089   0.5      0
96      20  34725    30  24000     30  35576  0.631809   0.5      1
97      20  34725    30  24000     30  35576  0.559989   0.5      0
98      20  32426    30  24000     30  33090  0.647156   0.9      1
99      20  32426    30  24000     30  33090  0.370163   0.1      0
100     20  30909    30  24000     30  31352  0.657856   0.7      1
101     20  30909    30  24000     30  31352  0.569506   0.3      0
102     20  29983    30  24000     30  30206  0.655845   0.6      1
103     20  29983    30  24000     30  30206  0.568841   0.4      0
104     20  29241    30  24000     30  29556  0.656880   0.9      1
105     20  29241    30  24000     30  29556  0.573110   0.1      0
106     20  28810    30  24000     30  29190  0.665197   0.3      1
107     20  28810    30  24000     30  29190  0.566124   0.7      0
108     20  28551    30  24000     30  28755  0.654972   0.7      1
109     20  28551    30  24000     30  28755  0.563059   0.3      0
110     20  28245    30  24000     30  28629  0.620002   0.9      1
111     20  28245    30  24000     30  28629  0.370163   0.1      0
112     20  27922    30  24000     30  28354  0.658624   0.8      1
113     20  27922    30  24000     30  28354  0.565898   0.2      0
114     20  27745    30  24000     30  28426  0.662216   0.8      1
115     20  27745    30  24000     30  28426  0.574198   0.2      0
116     20  27496    30  24000     30  28234  0.646662   0.9      1
117     20  27496    30  24000     30  28234  0.370163   0.1      0