0       20  63978    30  24000     30  63978  0.355107   0.6      1
1       20  63978    30  24000     30  63978  0.292623   0.4      0
2       20  63950    30  24000     30  63909  0.354426   0.6      1
3       20  63950    30  24000     30  63909  0.294592   0.4      0
4       20  63976    30  24000     30  63867  0.355387   0.5      1
5       20  63976    30  24000     30  63867  0.294270   0.5      0
6       20  63887    30  24000     30  63920  0.358064   0.7      1
7       20  63887    30  24000     30  63920  0.294628   0.3      0
8       20  63927    30  24000     30  63765  0.358695   0.4      1
9       20  63927    30  24000     30  63765  0.293175   0.6      0
10      20  63942    30  24000     30  63848  0.358158   0.6      1
11      20  63942    30  24000     30  63848  0.292492   0.4      0
12      20  63807    30  24000     30  63792  0.356391   0.8      1
13      20  63807    30  24000     30  63792  0.289163   0.2      0
14      20  63984    30  24000     30  63524  0.358938   0.8      1
15      20  63984    30  24000     30  63524  0.294963   0.2      0
16      20  63956    30  24000     30  63983  0.356369   0.8      1
17      20  63956    30  24000     30  63983  0.292757   0.2      0
18      20  63831    30  24000     30  63879  0.355890   0.8      1
19      20  63831    30  24000     30  63879  0.293358   0.2      0
20      20  63986    30  24000     30  63543  0.358400   0.8      1
21      20  63986    30  24000     30  63543  0.284133   0.2      0
22      20  63916    30  24000     30  63960  0.356363   0.9      1
23      20  63916    30  24000     30  63960  0.296373   0.1      0
24      20  63969    30  24000     30  63836  0.359695   0.9      1
25      20  63969    30  24000     30  63836  0.295805   0.1      0
26      20  63961    30  24000     30  63847  0.354525   0.4      1
27      20  63961    30  24000     30  63847  0.288645   0.6      0
28      20  63961    30  24000     30  63953  0.356419   0.7      1
29      20  63961    30  24000     30  63953  0.292219   0.3      0
30      20  63976    30  24000     30  63865  0.356678   0.7      1
31      20  63976    30  24000     30  63865  0.287081   0.3      0
32      20  63983    30  24000     30  63915  0.352370   0.7      1
33      20  63983    30  24000     30  63915  0.293441   0.3      0
34      20  63954    30  24000     30  63960  0.357048   0.7      1
35      20  63954    30  24000     30  63960  0.296401   0.3      0
36      20  63859    30  24000     30  63848  0.356595   0.9      1
37      20  63859    30  24000     30  63848  0.285289   0.1      0
38      20  63982    30  24000     30  63904  0.359773   0.7      1
39      20  63982    30  24000     30  63904  0.294370   0.3      0
40      20  63953    30  24000     30  63814  0.358052   0.7      1
41      20  63953    30  24000     30  63814  0.281658   0.3      0
42      20  63980    30  24000     30  63949  0.354454   0.7      1
43      20  63980    30  24000     30  63949  0.289214   0.3      0
44      20  63862    30  24000     30  63976  0.354607   0.5      1
45      20  63862    30  24000     30  63976  0.294117   0.5      0
46      20  63877    30  24000     30  63809  0.355424   0.7      1
47      20  63877    30  24000     30  63809  0.291706   0.3      0
48      20  63913    30  24000     30  63831  0.357049   0.8      1
49      20  63913    30  24000     30  63831  0.288965   0.2      0
50      20  63873    30  24000     30  63958  0.354711   0.5      1
51      20  63873    30  24000     30  63958  0.296236   0.5      0
52      20  63897    30  24000     30  63889  0.356798   0.5      1
53      20  63897    30  24000     30  63889  0.294996   0.5      0
54      20  63917    30  24000     30  63874  0.356004   0.7      1
55      20  63917    30  24000     30  63874  0.291481   0.3      0
56      20  63927    30  24000     30  63919  0.353494   0.6      1
57      20  63927    30  24000     30  63919  0.291875   0.4      0
58      20  63991    30  24000     30  63733  0.358889   0.6      1
59      20  63991    30  24000     30  63733  0.289669   0.4      0
60      20  63917    30  24000     30  63950  0.355473   0.8      1
61      20  63917    30  24000     30  63950  0.296510   0.2      0
62      20  63974    30  24000     30  63666  0.355861   0.9      1
63      20  63974    30  24000     30  63666  0.288670   0.1      0
64      20  63953    30  24000     30  63814  0.358052   0.7      1
65      20  63953    30  24000     30  63814  0.281658   0.3      0
66      20  63888    30  24000     30  63947  0.356430   0.9      1
67      20  63888    30  24000     30  63947  0.292083   0.1      0
68      20  63954    30  24000     30  63714  0.352096   0.5      1
69      20  63954    30  24000     30  63714  0.295559   0.5      0
70      20  63974    30  24000     30  63943  0.355359   0.7      1
71      20  63974    30  24000     30  63943  0.293412   0.3      0
72      20     84    30  24000     30  63916  0.706335   0.7      1
73      20     84    30  24000     30  63916  0.604053   0.3      0
74      20     70    30  24000     30  63953  0.707397   0.6      1
75      20     70    30  24000     30  63953  0.609833   0.4      0
76      20     75    30  24000     30  63905  0.704588   0.7      1
77      20     75    30  24000     30  63905  0.608872   0.3      0
78      20    617    30  24000     30  63978  0.707336   0.6      1
79      20    617    30  24000     30  63978  0.620308   0.4      0
80      20    174    30  24000     30  63851  0.706183   0.6      1
81      20    174    30  24000     30  63851  0.618907   0.4      0
82      20    409    30  24000     30  63938  0.696518   0.9      1
83      20    409    30  24000     30  63938  0.370163   0.1      0
84      20     46    30  24000     30  63868  0.684738   0.9      1
85      20     46    30  24000     30  63868  0.370163   0.1      0
86      20    150    30  24000     30  63960  0.709535   0.8      1
87      20    150    30  24000     30  63960  0.610813   0.2      0
88      20    152    30  24000     30  63955  0.702103   0.7      1
89      20    152    30  24000     30  63955  0.611184   0.3      0
90      20    157    30  24000     30  63994  0.709578   0.8      1
91      20    157    30  24000     30  63994  0.612427   0.2      0
92      20     58    30  24000     30  63907  0.707690   0.7      1
93      20     58    30  24000     30  63907  0.606809   0.3      0
94      20     97    30  24000     30  63957  0.710973   0.6      1
95      20     97    30  24000     30  63957  0.611616   0.4      0
96      20  63961    30  24000     30  40113  0.386005   0.8      1
97      20  63961    30  24000     30  40113  0.309844   0.2      0
98      20  37179    30  24000     30  33577  0.562946   0.8      1
99      20  37179    30  24000     30  33577  0.452186   0.2      0
100     20  33370    30  24000     30  30402  0.646133   0.6      1
101     20  33370    30  24000     30  30402  0.563581   0.4      0
102     20  31792    30  24000     30  28680  0.617216   0.9      1
103     20  31792    30  24000     30  28680  0.370163   0.1      0
104     20  30867    30  24000     30  27753  0.610475   0.9      1
105     20  30867    30  24000     30  27753  0.370163   0.1      0
106     20  30309    30  24000     30  27407  0.648384   0.4      1
107     20  30309    30  24000     30  27407  0.562047   0.6      0
108     20  29834    30  24000     30  27168  0.661640   0.5      1
109     20  29834    30  24000     30  27168  0.567921   0.5      0
110     20  29431    30  24000     30  27008  0.661461   0.6      1
111     20  29431    30  24000     30  27008  0.575604   0.4      0
112     20  29137    30  24000     30  26881  0.645073   0.5      1
113     20  29137    30  24000     30  26881  0.566288   0.5      0
114     20  28904    30  24000     30  26864  0.655031   0.6      1
115     20  28904    30  24000     30  26864  0.566070   0.4      0
116     20  28669    30  24000     30  26957  0.660229   0.8      1
117     20  28669    30  24000     30  26957  0.569729   0.2      0