
     sappi  sapps  vbri   vbrs  trafi  trafs     value      prob  label
0       20  57405    30  24000     30  47321  0.384578  0.850000      1
1       20  57405    30  24000     30  47321  0.316456  0.150000      0
2       20  35159    30  24000     30  37803  0.589028  0.350000      1
3       20  35159    30  24000     30  37803  0.525813  0.650000      0
4       20  35849    30  24000     30  35489  0.588274  0.529412      1
5       20  35849    30  24000     30  35489  0.535611  0.470588      0
6       20  35228    30  24000     30  36138  0.609876  0.500000      1
7       20  35228    30  24000     30  36138  0.543290  0.500000      0
8       20  35874    30  24000     30  36224  0.596406  0.388889      1
9       20  35874    30  24000     30  36224  0.550789  0.611111      0
10      20  35253    30  24000     30  37219  0.569737  0.722222      1
11      20  35253    30  24000     30  37219  0.493174  0.277778      0
12      20  35445    30  24000     30  36353  0.592488  0.470588      1
13      20  35445    30  24000     30  36353  0.520185  0.529412      0
14      20  35737    30  24000     30  36082  0.580199  0.421053      1
15      20  35737    30  24000     30  36082  0.517613  0.578947      0
16      20  43942    30  24000     30  24887  0.488653  0.736842      1
17      20  43942    30  24000     30  24887  0.403404  0.263158      0
18      20  32747    30  24000     30  37895  0.626049  0.941176      1
19      20  32747    30  24000     30  37895  0.370163  0.058824      0
20      20  33705    30  24000     30  35596  0.633356  0.888889      1
21      20  33705    30  24000     30  35596  0.567459  0.111111      0
22      20  33675    30  24000     30  35152  0.641833  0.789474      1
23      20  33675    30  24000     30  35152  0.548134  0.210526      0
24      20  33708    30  24000     30  36548  0.636894  0.550000      1
25      20  33708    30  24000     30  36548  0.572183  0.450000      0
26      20  33751    30  24000     30  36086  0.630642  0.944444      1
27      20  33751    30  24000     30  36086  0.370163  0.055556      0
28      20  34088    30  24000     30  35220  0.634593  0.789474      1
29      20  34088    30  24000     30  35220  0.537069  0.210526      0
30      20  33959    30  24000     30  34654  0.629177  0.850000      1
31      20  33959    30  24000     30  34654  0.547379  0.150000      0
32      20  34160    30  24000     30  35855  0.583069  0.947368      1
33      20  34160    30  24000     30  35855  0.370163  0.052632      0
34      20  34118    30  24000     30  35518  0.630327  0.700000      1
35      20  34118    30  24000     30  35518  0.573577  0.300000      0
36      20  34176    30  24000     30  36187  0.632087  0.611111      1
37      20  34176    30  24000     30  36187  0.549966  0.388889      0
38      20  34119    30  24000     30  35597  0.627680  0.650000      1
39      20  34119    30  24000     30  35597  0.555563  0.350000      0
40      20  34085    30  24000     30  35137  0.623753  0.950000      1
41      20  34085    30  24000     30  35137  0.370163  0.050000      0
42      20  34308    30  24000     30  34868  0.635702  0.736842      1
43      20  34308    30  24000     30  34868  0.563839  0.263158      0
44      20  34159    30  24000     30  35059  0.634672  0.750000      1
45      20  34159    30  24000     30  35059  0.568195  0.250000      0
46      20  34304    30  24000     30  34892  0.631023  0.750000      1
47      20  34304    30  24000     30  34892  0.561047  0.250000      0
48      20  34244    30  24000     30  34807  0.630608  0.705882      1
49      20  34244    30  24000     30  34807  0.550878  0.294118      0
50      20  34294    30  24000     30  34678  0.625188  0.684211      1
51      20  34294    30  24000     30  34678  0.534948  0.315789      0
52      20  34163    30  24000     30  34765  0.631904  0.625000      1
53      20  34163    30  24000     30  34765  0.577187  0.375000      0
54      20  34321    30  24000     30  34523  0.631909  0.777778      1
55      20  34321    30  24000     30  34523  0.571400  0.222222      0
56      20  33754    30  24000     30  33483  0.644223  0.684211      1
57      20  33754    30  24000     30  33483  0.584635  0.315789      0
58      20  34020    30  24000     30  34924  0.634991  0.944444      1
59      20  34020    30  24000     30  34924  0.535001  0.055556      0
60      20  33604    30  24000     30  33249  0.642461  0.736842      1
61      20  33604    30  24000     30  33249  0.566914  0.263158      0
62      20  34019    30  24000     30  35101  0.623844  0.555556      1
63      20  34019    30  24000     30  35101  0.558296  0.444444      0
64      20  33890    30  24000     30  34857  0.645202  0.526316      1
65      20  33890    30  24000     30  34857  0.563979  0.473684      0
66      20  34097    30  24000     30  34626  0.636226  0.833333      1
67      20  34097    30  24000     30  34626  0.562142  0.166667      0
68      20  34041    30  24000     30  34616  0.637566  0.700000      1
69      20  34041    30  24000     30  34616  0.546565  0.300000      0
70      20  33944    30  24000     30  34610  0.634602  0.888889      1
71      20  33944    30  24000     30  34610  0.529631  0.111111      0
72      20  33443    30  24000     30  32358  0.639001  0.600000      1
73      20  33443    30  24000     30  32358  0.570124  0.400000      0
74      20  33846    30  24000     30  34929  0.640102  0.722222      1
75      20  33846    30  24000     30  34929  0.560564  0.277778      0
76      20  33811    30  24000     30  34859  0.630623  0.823529      1
77      20  33811    30  24000     30  34859  0.396592  0.176471      0
78      20  33614    30  24000     30  34926  0.637844  0.842105      1
79      20  33614    30  24000     30  34926  0.547384  0.157895      0
80      20  33747    30  24000     30  35073  0.639260  0.650000      1
81      20  33747    30  24000     30  35073  0.548428  0.350000      0
82      20  32991    30  24000     30  33175  0.643552  0.736842      1
83      20  32991    30  24000     30  33175  0.586997  0.263158      0
84      20  32901    30  24000     30  33125  0.646231  0.555556      1
85      20  32901    30  24000     30  33125  0.589347  0.444444      0
86      20  32864    30  24000     30  33205  0.644629  0.833333      1
87      20  32864    30  24000     30  33205  0.574087  0.166667      0
88      20  33754    30  24000     30  35517  0.631708  0.736842      1
89      20  33754    30  24000     30  35517  0.537760  0.263158      0
90      20  33606    30  24000     30  35326  0.641431  0.750000      1
91      20  33606    30  24000     30  35326  0.578594  0.250000      0
92      20  32953    30  24000     30  32736  0.644169  0.842105      1
93      20  32953    30  24000     30  32736  0.575700  0.157895      0
94      20  32831    30  24000     30  32819  0.646300  0.700000      1
95      20  32831    30  24000     30  32819  0.577847  0.300000      0
96      20  32744    30  24000     30  32772  0.646204  0.882353      1
97      20  32744    30  24000     30  32772  0.564948  0.117647      0
98      20  33447    30  24000     30  36056  0.638061  0.800000      1
99      20  33447    30  24000     30  36056  0.556680  0.200000      0
100     20  32834    30  24000     30  37365  0.635343  0.900000      1
101     20  32834    30  24000     30  37365  0.553996  0.100000      0
102     20  32985    30  24000     30  37292  0.626156  0.850000      1
103     20  32985    30  24000     30  37292  0.474527  0.150000      0
104     20  33778    30  24000     30  35886  0.639015  0.600000      1
105     20  33778    30  24000     30  35886  0.579237  0.400000      0
106     20  33856    30  24000     30  35935  0.640763  0.611111      1
107     20  33856    30  24000     30  35935  0.575971  0.388889      0
108     20  32908    30  24000     30  32710  0.637015  0.764706      1
109     20  32908    30  24000     30  32710  0.554137  0.235294      0
110     20  33778    30  24000     30  35901  0.637497  0.650000      1
111     20  33778    30  24000     30  35901  0.570627  0.350000      0
112     20  33734    30  24000     30  35898  0.629547  0.789474      1
113     20  33734    30  24000     30  35898  0.559471  0.210526      0
114     20  32834    30  24000     30  32564  0.607123  0.888889      1
115     20  32834    30  24000     30  32564  0.370163  0.111111      0
116     20  33860    30  24000     30  35683  0.635475  0.722222      1
117     20  33860    30  24000     30  35683  0.556190  0.277778      0
118     20  33864    30  24000     30  35580  0.639889  0.631579      1
119     20  33864    30  24000     30  35580  0.581520  0.368421      0
120     20  33027    30  24000     30  31985  0.645104  0.750000      1
121     20  33027    30  24000     30  31985  0.571423  0.250000      0
122     20  32823    30  24000     30  32248  0.644966  0.833333      1
123     20  32823    30  24000     30  32248  0.563536  0.166667      0
124     20  33652    30  24000     30  36052  0.629592  0.842105      1
125     20  33652    30  24000     30  36052  0.551147  0.157895      0
126     20  33647    30  24000     30  36149  0.634818  0.700000      1
127     20  33647    30  24000     30  36149  0.547244  0.300000      0
128     20  33223    30  24000     30  37133  0.630293  0.684211      1
129     20  33223    30  24000     30  37133  0.559648  0.315789      0
130     20  31963    30  24000     30  39743  0.643281  0.600000      1
131     20  31963    30  24000     30  39743  0.563863  0.400000      0
132     20  30364    30  24000     30  37772  0.658121  0.833333      1
133     20  30364    30  24000     30  37772  0.569149  0.166667      0
134     20  32902    30  24000     30  38066  0.630133  0.631579      1
135     20  32902    30  24000     30  38066  0.561912  0.368421      0
136     20  33090    30  24000     30  37736  0.638300  0.684211      1
137     20  33090    30  24000     30  37736  0.581368  0.315789      0
138     20  29144    30  24000     30  40721  0.665639  0.736842      1
139     20  29144    30  24000     30  40721  0.576261  0.263158      0
140     20  30787    30  24000     30  37824  0.654241  0.777778      1
141     20  30787    30  24000     30  37824  0.582357  0.222222      0
142     20  31387    30  24000     30  40896  0.648341  0.684211      1
143     20  31387    30  24000     30  40896  0.571420  0.315789      0
144     20  29262    30  24000     30  40447  0.661033  0.750000      1
145     20  29262    30  24000     30  40447  0.598111  0.250000      0
146     20  32205    30  24000     30  39682  0.632514  0.500000      1
147     20  32205    30  24000     30  39682  0.552877  0.500000      0
148     20  30949    30  24000     30  37239  0.657507  0.750000      1
149     20  30949    30  24000     30  37239  0.576795  0.250000      0
150     20  31171    30  24000     30  36847  0.658549  0.550000      1
151     20  31171    30  24000     30  36847  0.573631  0.450000      0
152     20  32117    30  24000     30  39213  0.646186  0.500000      1
153     20  32117    30  24000     30  39213  0.595134  0.500000      0
154     20  32384    30  24000     30  38929  0.633596  0.684211      1
155     20  32384    30  24000     30  38929  0.572261  0.315789      0
156     20  32592    30  24000     30  38684  0.637536  0.578947      1
157     20  32592    30  24000     30  38684  0.569058  0.421053      0
158     20  31519    30  24000     30  40910  0.632762  0.684211      1
159     20  31519    30  24000     30  40910  0.538790  0.315789      0
160     20  31860    30  24000     30  40307  0.613607  0.950000      1
161     20  31860    30  24000     30  40307  0.370163  0.050000      0
162     20  31170    30  24000     30  36977  0.660965  0.684211      1
163     20  31170    30  24000     30  36977  0.587768  0.315789      0
164     20  33199    30  24000     30  37867  0.635262  0.473684      1
165     20  33199    30  24000     30  37867  0.562069  0.526316      0
166     20  30955    30  24000     30  37691  0.654225  0.722222      1
167     20  30955    30  24000     30  37691  0.563149  0.277778      0
168     20  33302    30  24000     30  37933  0.628985  0.650000      1
169     20  33302    30  24000     30  37933  0.558003  0.350000      0
170     20  31649    30  24000     30  36418  0.653411  0.684211      1
171     20  31649    30  24000     30  36418  0.579839  0.315789      0
172     20  33592    30  24000     30  37682  0.631352  0.684211      1
173     20  33592    30  24000     30  37682  0.534658  0.315789      0
174     20  33491    30  24000     30  37543  0.627223  0.789474      1
175     20  33491    30  24000     30  37543  0.541441  0.210526      0
176     20  33462    30  24000     30  37534  0.634727  0.666667      1
177     20  33462    30  24000     30  37534  0.544314  0.333333      0
178     20  33163    30  24000     30  38402  0.629236  0.526316      1
179     20  33163    30  24000     30  38402  0.563085  0.473684      0
180     20  33237    30  24000     30  38155  0.625644  0.631579      1
181     20  33237    30  24000     30  38155  0.546669  0.368421      0
182     20  33435    30  24000     30  38076  0.626343  0.526316      1
183     20  33435    30  24000     30  38076  0.553105  0.473684      0
184     20  31882    30  24000     30  36083  0.643332  0.684211      1
185     20  31882    30  24000     30  36083  0.563152  0.315789      0
186     20  32000    30  24000     30  35972  0.651375  0.777778      1
187     20  32000    30  24000     30  35972  0.550910  0.222222      0
188     20  32146    30  24000     30  35770  0.649325  0.600000      1
189     20  32146    30  24000     30  35770  0.555287  0.400000      0
190     20  32150    30  24000     30  35850  0.653610  0.800000      1
191     20  32150    30  24000     30  35850  0.552988  0.200000      0
192     20  32074    30  24000     30  35794  0.650798  0.700000      1
193     20  32074    30  24000     30  35794  0.541348  0.300000      0
194     20  33573    30  24000     30  37566  0.623444  0.684211      1
195     20  33573    30  24000     30  37566  0.557556  0.315789      0
196     20  32218    30  24000     30  35511  0.654331  0.555556      1
197     20  32218    30  24000     30  35511  0.575953  0.444444      0
198     20  32277    30  24000     30  35543  0.644780  0.588235      1
199     20  32277    30  24000     30  35543  0.568305  0.411765      0